/ 2-D RADIALLY AVERAGED POWER SPECTRUM
/
/ Average Spectrum Density  Ln(E) =   2.23434e+01
/
/   CYC/K_unit       Norm_Contr_Samp  Ln_P             3_DEPTH          5_DEPTH
/ -------------------------------------------------------------------------------
/
    0.00000e+00      1.00000e+00      9.52538e+00      8.78596e+01                *
    2.38095e-03      6.34315e+00      6.89662e+00      3.83733e+01                *
    4.76190e-03      1.24546e+01      7.22912e+00      5.32101e+00      2.01276e+01
    7.14286e-03      1.90596e+01      6.57822e+00      1.66885e+01      9.99267e+00
    9.52381e-03      2.44101e+01      6.23048e+00      7.96847e+00      1.11746e+01
    1.19048e-02      3.25840e+01      6.10138e+00      8.86671e+00      1.01950e+01
    1.42857e-02      3.69993e+01      5.69990e+00      1.37498e+01      1.16299e+01
    1.66667e-02      4.39585e+01      5.27860e+00      1.22733e+01      9.13870e+00
    1.90476e-02      5.05589e+01      4.96547e+00      1.39298e+00      5.35200e+00
    2.14286e-02      5.59206e+01      5.19524e+00      2.38970e+00      3.23849e+00
    2.38095e-02      6.41033e+01      4.82247e+00      5.93278e+00      4.09616e+00
    2.61905e-02      6.77438e+01      4.84023e+00      3.96600e+00      5.91348e+00
    2.85714e-02      7.58087e+01      4.58514e+00      7.84167e+00      7.33255e+00
    3.09524e-02      8.23335e+01      4.37098e+00      1.01900e+01      9.31433e+00
    3.33333e-02      8.71092e+01      3.97537e+00      9.91132e+00      8.41694e+00
    3.57143e-02      9.53559e+01      3.77789e+00      5.14951e+00      4.85691e+00
    3.80952e-02      9.86037e+01      3.66723e+00      0.00000e+00      2.22650e-02
    4.04762e-02      1.08592e+02      3.80722e+00      0.00000e+00      0.00000e+00
    4.28571e-02      1.12719e+02      3.94205e+00      0.00000e+00      0.00000e+00
    4.52381e-02      1.18910e+02      3.95006e+00      0.00000e+00      0.00000e+00
    4.76190e-02      1.26340e+02      4.16673e+00      0.00000e+00      0.00000e+00
    5.00000e-02      1.30684e+02      4.20874e+00      4.10981e+00      2.52544e+00
    5.23810e-02      1.40039e+02      3.92080e+00      7.78947e+00      6.44122e+00
    5.47619e-02      1.43261e+02      3.74262e+00      7.42436e+00      8.47553e+00
    5.71429e-02      1.50605e+02      3.47653e+00      1.02128e+01      6.78602e+00
    5.95238e-02      1.57852e+02      3.13149e+00      2.72095e+00      3.85975e+00
    6.19048e-02      1.62830e+02      3.31371e+00      0.00000e+00      1.66888e+00
    6.42857e-02      1.70911e+02      3.21254e+00      3.64014e+00      1.83910e+00
    6.66667e-02      1.74013e+02      3.09588e+00      3.23161e+00      2.14863e+00
    6.90476e-02      1.83041e+02      3.01916e+00      0.00000e+00      1.59589e-01
    7.14286e-02      1.88930e+02      3.12137e+00      0.00000e+00      0.00000e+00
    7.38095e-02      1.94133e+02      3.15841e+00      2.04357e+00      1.66969e+00
    7.61905e-02      2.02008e+02      2.99908e+00      5.29250e+00      4.29696e+00
    7.85714e-02      2.05359e+02      2.84171e+00      5.55481e+00      5.81087e+00
    8.09524e-02      2.15885e+02      2.66668e+00      6.58528e+00      6.40740e+00
    8.33333e-02      2.19201e+02      2.44765e+00      7.08211e+00      5.39796e+00
    8.57143e-02      2.25716e+02      2.24289e+00      2.52649e+00      3.81564e+00
    8.80952e-02      2.32784e+02      2.29646e+00      1.83832e+00      2.00327e+00
    9.04762e-02      2.37884e+02      2.13288e+00      1.64499e+00      8.49611e-01
    9.28571e-02      2.47047e+02      2.19803e+00      0.00000e+00      0.00000e+00
    9.52381e-02      2.49610e+02      2.18880e+00      0.00000e+00      0.00000e+00
    9.76190e-02      2.58260e+02      2.29936e+00      3.41932e-01      0.00000e+00
    1.00000e-01      2.63524e+02      2.16834e+00      9.58382e-01      1.06485e+00
    1.02381e-01      2.70344e+02      2.24201e+00      1.89422e+00      2.71655e+00
    1.04762e-01      2.77648e+02      2.05499e+00      5.29705e+00      3.87083e+00
    1.07143e-01      2.80528e+02      1.92503e+00      4.42122e+00      4.51655e+00
    1.09524e-01      2.90488e+02      1.79043e+00      3.83139e+00      3.62445e+00
    1.11905e-01      2.95011e+02      1.69576e+00      2.62075e+00      3.27126e+00
    1.14286e-01      3.01684e+02      1.63360e+00      3.36165e+00      2.17984e+00
    1.16667e-01      3.07806e+02      1.49460e+00      5.57124e-01      1.07625e+00
    1.19048e-01      3.12576e+02      1.60026e+00      0.00000e+00      5.41708e-01
    1.21429e-01      3.23493e+02      1.53589e+00      1.75801e+00      8.99978e-01
    1.23810e-01      3.24914e+02      1.49506e+00      1.63194e+00      1.67026e+00
    1.26190e-01      3.34039e+02      1.43824e+00      1.62082e+00      2.07065e+00
    1.28571e-01      3.37902e+02      1.39807e+00      2.95919e+00      3.08566e+00
    1.30952e-01      3.45370e+02      1.26116e+00      4.67697e+00      4.46913e+00
    1.33333e-01      3.54090e+02      1.11820e+00      5.77123e+00      4.18481e+00
    1.35714e-01      3.55618e+02      9.15811e-01      2.10624e+00      2.84911e+00
    1.38095e-01      3.66537e+02      9.92167e-01      6.69864e-01      1.30967e+00
    1.40476e-01      3.69108e+02      8.75726e-01      1.15291e+00      8.87688e-01
    1.42857e-01      3.77602e+02      9.23177e-01      8.40289e-01      1.21261e+00
    1.45238e-01      3.84373e+02      8.25443e-01      1.64462e+00      1.78992e+00
    1.47619e-01      3.86706e+02      8.24763e-01      2.88484e+00      2.20435e+00
    1.50000e-01      3.98621e+02      6.52815e-01      2.08359e+00      1.46463e+00
    1.52381e-01      4.00612e+02      7.00081e-01      0.00000e+00      5.15860e-02
    1.54762e-01      4.09779e+02      6.87195e-01      0.00000e+00      0.00000e+00
    1.57143e-01      4.14297e+02      7.81123e-01      0.00000e+00      0.00000e+00
    1.59524e-01      4.17979e+02      7.68082e-01      1.30533e+00      6.24163e-01
    1.61905e-01      4.31900e+02      7.03012e-01      1.91890e+00      2.08710e+00
    1.64286e-01      4.30482e+02      6.53256e-01      3.03708e+00      2.27646e+00
    1.66667e-01      4.41763e+02      5.21274e-01      1.87342e+00      1.66857e+00
    1.69048e-01      4.44570e+02      5.41151e-01      9.52202e-02      1.36998e+00
    1.71429e-01      4.51706e+02      5.15576e-01      2.14130e+00      2.25188e+00
    1.73810e-01      4.61693e+02      4.13016e-01      4.51913e+00      3.66192e+00
    1.76190e-01      4.61645e+02      2.45152e-01      4.32533e+00      4.46766e+00
    1.78571e-01      4.73686e+02      1.54188e-01      4.55854e+00      4.02341e+00
    1.80952e-01      4.76434e+02     -2.76304e-02      3.18636e+00      2.81749e+00
    1.83333e-01      4.83984e+02     -3.64829e-02      7.07565e-01      1.10433e+00
    1.85714e-01      4.91448e+02     -6.99710e-02      0.00000e+00      0.00000e+00
    1.88095e-01      4.92752e+02     -1.71967e-03      0.00000e+00      2.86946e-01
    1.90476e-01      5.05263e+02     -5.36581e-02      1.71438e+00      1.27686e+00
    1.92857e-01      5.08314e+02     -1.04308e-01      2.38879e+00      2.55886e+00
    1.95238e-01      5.16324e+02     -1.96603e-01      3.57340e+00      3.39327e+00
    1.97619e-01      5.21371e+02     -3.18140e-01      4.21762e+00      3.95098e+00
    2.00000e-01      5.25039e+02     -4.48985e-01      4.06192e+00      3.78109e+00
    2.02381e-01      5.37508e+02     -5.61204e-01      3.06372e+00      2.57722e+00
    2.04762e-01      5.38044e+02     -6.32317e-01      6.06015e-01      1.72211e+00
    2.07143e-01      5.48671e+02     -5.97468e-01      1.49659e+00      1.32195e+00
    2.09524e-01      5.50942e+02     -7.21873e-01      1.86325e+00      1.41534e+00
    2.11905e-01      5.59882e+02     -7.08965e-01      8.86194e-01      1.88879e+00
    2.14286e-01      5.66953e+02     -7.74903e-01      2.91693e+00      1.64755e+00
    2.16667e-01      5.69163e+02     -8.83513e-01      1.13953e+00      1.64132e+00
    2.19048e-01      5.79845e+02     -8.43092e-01      8.67509e-01      2.11400e+00
    2.21429e-01      5.82993e+02     -9.35425e-01      4.33496e+00      3.33487e+00
    2.23810e-01      5.92656e+02     -1.10250e+00      4.80213e+00      4.12722e+00
    2.26190e-01      5.96495e+02     -1.22278e+00      3.24456e+00      3.77683e+00
    2.28571e-01      6.00659e+02     -1.29665e+00      3.28379e+00      3.02586e+00
    2.30952e-01      6.11747e+02     -1.41929e+00      2.54921e+00      2.74312e+00
    2.33333e-01      6.13863e+02     -1.44919e+00      2.39635e+00      2.54951e+00
    2.35714e-01      6.25192e+02     -1.56268e+00      2.70297e+00      2.43100e+00
    2.38095e-01      6.26501e+02     -1.61094e+00      2.19368e+00      2.44886e+00
    2.40476e-01      6.33415e+02     -1.69395e+00      2.44992e+00      2.54351e+00
    2.42857e-01      6.44018e+02     -1.75754e+00      2.98693e+00      2.71421e+00
    2.45238e-01      6.43458e+02     -1.87269e+00      2.70577e+00      2.49533e+00
    2.47619e-01      6.56561e+02     -1.91946e+00      1.79327e+00      2.94874e+00
    2.50000e-01      6.56780e+02     -1.98000e+00      4.34717e+00      4.05720e+00
    2.52381e-01      6.68200e+02     -2.17959e+00      6.03116e+00      4.30046e+00
    2.54762e-01      6.73638e+02     -2.34090e+00      2.52306e+00      2.50993e+00
    2.57143e-01      6.74904e+02     -2.33057e+00      0.00000e+00      5.22106e-01
    2.59524e-01      6.87606e+02     -2.27960e+00      6.76708e-02      3.56899e-01
    2.61905e-01      6.88104e+02     -2.33462e+00      2.02744e+00      1.83535e+00
    2.64286e-01      7.00958e+02     -2.40092e+00      3.41096e+00      2.73389e+00
    2.66667e-01      7.03368e+02     -2.53873e+00      2.76327e+00      3.24015e+00
    2.69048e-01      7.06965e+02     -2.56628e+00      3.54622e+00      3.75179e+00
    2.71429e-01      7.19597e+02     -2.75093e+00      4.94589e+00      3.26377e+00
    2.73810e-01      7.19946e+02     -2.86224e+00      1.29921e+00      1.88125e+00
    2.76190e-01      7.31773e+02     -2.82868e+00      0.00000e+00      2.12087e-01
    2.78571e-01      7.32952e+02     -2.82625e+00      0.00000e+00      1.82323e-02
    2.80952e-01      7.40571e+02     -2.82499e+00      7.17642e-01      9.21563e-01
    2.83333e-01      7.51268e+02     -2.86920e+00      2.10866e+00      1.65905e+00
    2.85714e-01      7.50430e+02     -2.95117e+00      2.15084e+00      2.74419e+00
    2.88095e-01      7.62692e+02     -2.99790e+00      3.97306e+00      3.50348e+00
    2.90476e-01      7.63288e+02     -3.18892e+00      4.38653e+00      3.73648e+00
    2.92857e-01      7.75654e+02     -3.26039e+00      2.84985e+00      2.98578e+00
    2.95238e-01      7.80085e+02     -3.35946e+00      1.72097e+00      2.51081e+00
    2.97619e-01      7.82920e+02     -3.36338e+00      2.96161e+00      3.20298e+00
    3.00000e-01      7.93237e+02     -3.53668e+00      4.92636e+00      3.13673e+00
    3.02381e-01      7.95557e+02     -3.65817e+00      1.52224e+00      3.11023e+00
    3.04762e-01      8.07295e+02     -3.62777e+00      2.88209e+00      3.27640e+00
    3.07143e-01      8.09281e+02     -3.83063e+00      5.42486e+00      4.29297e+00
    3.09524e-01      8.15563e+02     -3.95239e+00      4.57196e+00      5.01136e+00
    3.11905e-01      8.24987e+02     -4.10422e+00      5.03726e+00      4.51579e+00
    3.14286e-01      8.27956e+02     -4.25382e+00      3.93815e+00      3.73689e+00
    3.16667e-01      8.38529e+02     -4.33988e+00      2.23526e+00      2.50137e+00
    3.19048e-01      8.38600e+02     -4.38758e+00      1.33071e+00      9.89565e-01
    3.21429e-01      8.48206e+02     -4.41951e+00      0.00000e+00      0.00000e+00
    3.23810e-01      8.57386e+02     -4.35184e+00      0.00000e+00      4.36727e-01
    3.26190e-01      8.58276e+02     -4.36657e+00      2.79202e+00      1.77354e+00
    3.28571e-01      8.69568e+02     -4.51891e+00      3.41317e+00      3.29477e+00
    3.30952e-01      8.69092e+02     -4.57082e+00      3.67911e+00      4.19129e+00
    3.33333e-01      8.83637e+02     -4.73907e+00      5.48158e+00      4.35307e+00
    3.35714e-01      8.84980e+02     -4.89883e+00      3.89852e+00      3.94806e+00
    3.38095e-01      8.91031e+02     -4.97236e+00      2.46409e+00      2.86760e+00
    3.40476e-01      8.99995e+02     -5.04628e+00      2.24018e+00      2.14348e+00
    3.42857e-01      9.02225e+02     -5.10641e+00      1.72616e+00      2.14113e+00
    3.45238e-01      9.15206e+02     -5.14958e+00      2.45704e+00      2.42598e+00
    3.47619e-01      9.14493e+02     -5.25344e+00      3.09472e+00      3.23513e+00
    3.50000e-01      9.23047e+02     -5.33477e+00      4.15362e+00      4.00161e+00
    3.52381e-01      9.31922e+02     -5.50199e+00      4.75648e+00      4.45812e+00
    3.54762e-01      9.34595e+02     -5.61939e+00      4.46425e+00      5.17456e+00
    3.57143e-01      9.45547e+02     -5.76913e+00      6.30294e+00      5.56690e+00
    3.59524e-01      9.44489e+02     -5.99656e+00      5.93351e+00      4.71496e+00
    3.61905e-01      9.56892e+02     -6.12419e+00      1.90842e+00      3.47924e+00
    3.64286e-01      9.62064e+02     -6.11076e+00      2.59581e+00      2.73543e+00
    3.66667e-01      9.66087e+02     -6.27952e+00      3.70207e+00      1.72410e+00
    3.69048e-01      9.76491e+02     -6.33229e+00      0.00000e+00      6.05125e-01
    3.71429e-01      9.75085e+02     -6.21217e+00      0.00000e+00      1.28259e+00
    3.73810e-01      9.92742e+02     -6.28675e+00      5.73447e+00      3.78550e+00
    3.76190e-01      9.89912e+02     -6.55532e+00      6.38313e+00      6.07709e+00
    3.78571e-01      9.98133e+02     -6.66871e+00      6.11367e+00      6.56746e+00
    3.80952e-01      1.00607e+03     -6.92116e+00      7.20559e+00      6.11256e+00
    3.83333e-01      1.00945e+03     -7.09989e+00      5.01843e+00      5.55129e+00
    3.85714e-01      1.02351e+03     -7.22146e+00      4.42984e+00      3.27544e+00
    3.88095e-01      1.01948e+03     -7.36497e+00      3.78055e-01      1.49181e+00
    3.90476e-01      1.03139e+03     -7.24408e+00      0.00000e+00      7.63500e-01
    3.92857e-01      1.03753e+03     -7.34508e+00      2.24491e+00      1.25134e+00
    3.95238e-01      1.04118e+03     -7.37842e+00      1.84159e+00      7.01179e-01
    3.97619e-01      1.05346e+03     -7.45528e+00      0.00000e+00      0.00000e+00
    4.00000e-01      1.04978e+03     -7.25976e+00      0.00000e+00      0.00000e+00
    4.02381e-01      1.06545e+03     -7.14339e+00      4.25221e+00      2.99920e+00
    4.04762e-01      1.06855e+03     -7.51421e+00      9.95747e+00      7.42164e+00
    4.07143e-01      1.07206e+03     -7.73924e+00      8.05523e+00      7.98988e+00
    4.09524e-01      1.08358e+03     -7.99623e+00      5.95695e+00      4.40410e+00
    4.11905e-01      1.08202e+03     -8.09571e+00      0.00000e+00      7.06243e-01
    4.14286e-01      1.09966e+03     -7.94837e+00      0.00000e+00      0.00000e+00
    4.16667e-01      1.09721e+03     -7.91389e+00      1.49344e+00      0.00000e+00
    4.19048e-01      1.10429e+03     -8.03774e+00      1.42214e+00      0.00000e+00
    4.21429e-01      1.11311e+03     -7.99899e+00      0.00000e+00      0.00000e+00
    4.23810e-01      1.11573e+03     -7.73806e+00      0.00000e+00      2.43280e+00
    4.26190e-01      1.13027e+03     -7.97836e+00      1.26511e+01      9.44036e+00
    4.28571e-01      1.12730e+03     -8.49510e+00      1.60147e+01      1.10189e+01
    4.30952e-01      1.13715e+03     -8.93668e+00      4.39094e+00      6.06009e+00
    4.33333e-01      1.14525e+03     -8.75786e+00      0.00000e+00      0.00000e+00
    4.35714e-01      1.14820e+03     -8.80351e+00      0.00000e+00      0.00000e+00
    4.38095e-01      1.15846e+03     -8.54513e+00      0.00000e+00      0.00000e+00
    4.40476e-01      1.15828e+03     -8.19998e+00      2.30618e+00      1.93546e+00
    4.42857e-01      1.17192e+03     -8.68314e+00      1.35861e+01      9.35561e+00
    4.45238e-01      1.17547e+03     -9.01297e+00      1.21746e+01      1.13240e+01
    4.47619e-01      1.17982e+03     -9.41166e+00      8.21126e+00      6.45010e+00
    4.50000e-01      1.18828e+03     -9.50433e+00      0.00000e+00      3.55526e-01
    4.52381e-01      1.19000e+03     -9.34969e+00      0.00000e+00      0.00000e+00
    4.54762e-01      1.20558e+03     -9.13876e+00      0.00000e+00      0.00000e+00
    4.57143e-01      1.20374e+03     -9.23320e+00      0.00000e+00      0.00000e+00
    4.59524e-01      1.21351e+03     -9.06113e+00      0.00000e+00      0.00000e+00
    4.61905e-01      1.21734e+03     -8.87905e+00      3.43007e+00      3.53367e+00
    4.64286e-01      1.22556e+03     -9.26639e+00      1.30892e+01      7.67760e+00
    4.66667e-01      1.23457e+03     -9.66230e+00      6.51357e+00      6.33662e+00
    4.69048e-01      1.23342e+03     -9.65616e+00      0.00000e+00      0.00000e+00
    4.71429e-01      1.24718e+03     -9.62683e+00      0.00000e+00      0.00000e+00
    4.73810e-01      1.24882e+03     -9.26776e+00      0.00000e+00      0.00000e+00
    4.76190e-01      1.25759e+03     -9.29494e+00      1.29632e+00      6.10770e-01
    4.78571e-01      1.26432e+03     -9.34533e+00      6.08223e+00      4.67252e+00
    4.80952e-01      1.26329e+03     -9.65890e+00      6.63901e+00      4.21592e+00
    4.83333e-01      1.28111e+03     -9.74261e+00      0.00000e+00      1.24656e+00
    4.85714e-01      1.27979e+03     -9.65450e+00      0.00000e+00      0.00000e+00
    4.88095e-01      1.28983e+03     -9.57351e+00      0.00000e+00      0.00000e+00
    4.90476e-01      1.29392e+03     -9.27427e+00      0.00000e+00      0.00000e+00
    4.92857e-01      1.29607e+03     -9.14154e+00      0.00000e+00      0.00000e+00
    4.95238e-01      1.31387e+03     -9.14392e+00      3.33936e+00      1.31185e+00
    4.97619e-01      1.30739e+03     -9.34136e+00      2.77438e+00      4.20634e+00
    5.00000e-01      1.32310e+03     -9.30994e+00      6.50527e+00      6.88007e+00
    5.02381e-01      1.32380e+03     -9.73064e+00      1.13606e+01      8.48754e+00
    5.04762e-01      1.33178e+03     -9.98976e+00      7.59678e+00      7.56282e+00
    5.07143e-01      1.34276e+03     -1.01852e+01      3.73111e+00      2.57537e+00
    5.09524e-01      1.33825e+03     -1.02130e+01      0.00000e+00      0.00000e+00
    5.11905e-01      1.35429e+03     -9.96970e+00      0.00000e+00      0.00000e+00
    5.14286e-01      1.35663e+03     -9.63130e+00      0.00000e+00      0.00000e+00
    5.16667e-01      1.36350e+03     -9.72850e+00      3.59370e+00      2.60407e+00
    5.19048e-01      1.37208e+03     -9.84634e+00      8.24926e+00      5.87371e+00
    5.21429e-01      1.37018e+03     -1.02221e+01      5.77817e+00      5.19383e+00
    5.23810e-01      1.38717e+03     -1.01921e+01      1.55406e+00      5.46447e+00
    5.26190e-01      1.38660e+03     -1.03151e+01      9.06118e+00      5.67925e+00
    5.28571e-01      1.39617e+03     -1.07343e+01      6.42250e+00      3.67994e+00
    5.30952e-01      1.40142e+03     -1.06994e+01      0.00000e+00      3.46459e-01
    5.33333e-01      1.40372e+03     -1.04684e+01      0.00000e+00      0.00000e+00
    5.35714e-01      1.41946e+03     -1.06432e+01      1.76959e+00      1.99611e+00
    5.38095e-01      1.41532e+03     -1.05743e+01      5.15800e+00      3.54442e+00
    5.40476e-01      1.42851e+03     -1.09519e+01      3.70566e+00      4.18982e+00
    5.42857e-01      1.43086e+03     -1.07960e+01      3.70581e+00      3.44287e+00
    5.45238e-01      1.43990e+03     -1.11737e+01      2.91714e+00      2.18676e+00
    5.47619e-01      1.44818e+03     -1.09706e+01      0.00000e+00      1.70365e+00
    5.50000e-01      1.44623e+03     -1.11699e+01      2.25646e+00      3.31991e-02
    5.52381e-01      1.46038e+03     -1.11056e+01      0.00000e+00      7.02378e-01
    5.54762e-01      1.46270e+03     -1.10446e+01      1.94488e+00      2.90900e-02
    5.57143e-01      1.47202e+03     -1.12220e+01      2.36600e-01      1.64799e+00
    5.59524e-01      1.47689e+03     -1.10587e+01      2.76249e+00      2.08583e-01
    5.61905e-01      1.47879e+03     -1.13873e+01      0.00000e+00      0.00000e+00
    5.64286e-01      1.49393e+03     -1.09167e+01      0.00000e+00      0.00000e+00
    5.66667e-01      1.49235e+03     -1.09111e+01      1.81556e+00      0.00000e+00
    5.69048e-01      1.50434e+03     -1.10254e+01      0.00000e+00      0.00000e+00
    5.71429e-01      1.50529e+03     -1.06670e+01      1.59616e+00      1.65303e+00
    5.73810e-01      1.51305e+03     -1.11209e+01      7.44200e+00      2.60375e+00
    5.76190e-01      1.52555e+03     -1.11124e+01      0.00000e+00      5.20582e+00
    5.78571e-01      1.52255e+03     -1.10475e+01      9.40236e+00      6.78775e+00
    5.80952e-01      1.53672e+03     -1.16750e+01      1.21878e+01      6.42076e+00
    5.83333e-01      1.53471e+03     -1.17768e+01      0.00000e+00      1.77486e+00
    5.85714e-01      1.54862e+03     -1.15357e+01      0.00000e+00      0.00000e+00
    5.88095e-01      1.55408e+03     -1.15054e+01      0.00000e+00      0.00000e+00
    5.90476e-01      1.55389e+03     -1.13912e+01      0.00000e+00      0.00000e+00
    5.92857e-01      1.56715e+03     -1.13320e+01      2.37343e+00      1.39186e+00
    5.95238e-01      1.56819e+03     -1.15332e+01      4.70014e+00      3.31127e+00
    5.97619e-01      1.58041e+03     -1.16132e+01      2.86024e+00      3.44787e+00
    6.00000e-01      1.58196e+03     -1.17044e+01      2.78323e+00      1.91388e+00
    6.02381e-01      1.58682e+03     -1.17798e+01      9.81781e-02      4.69394e-03
    6.04762e-01      1.60086e+03     -1.17102e+01      0.00000e+00      0.00000e+00
    6.07143e-01      1.59852e+03     -1.16082e+01      0.00000e+00      0.00000e+00
    6.09524e-01      1.61298e+03     -1.13619e+01      0.00000e+00      0.00000e+00
    6.11905e-01      1.61011e+03     -1.14365e+01      3.87372e+00      1.18605e+00
    6.14286e-01      1.62073e+03     -1.15937e+01      2.55435e+00      2.86553e+00
    6.16667e-01      1.63175e+03     -1.15893e+01      2.16851e+00      3.47956e+00
    6.19048e-01      1.62906e+03     -1.17235e+01      5.71583e+00      1.75963e+00
    6.21429e-01      1.64513e+03     -1.19313e+01      0.00000e+00      0.00000e+00
    6.23810e-01      1.63988e+03     -1.15676e+01      0.00000e+00      0.00000e+00
    6.26190e-01      1.65713e+03     -1.14502e+01      5.01365e-02      0.00000e+00
    6.28571e-01      1.65841e+03     -1.15706e+01      2.96075e+00      2.50354e+00
    6.30952e-01      1.66149e+03     -1.16274e+01      4.49974e+00      3.30663e+00
    6.33333e-01      1.67554e+03     -1.18398e+01      2.45940e+00      2.94780e+00
    6.35714e-01      1.67317e+03     -1.17746e+01      1.88425e+00      2.52755e-01
    6.38095e-01      1.69001e+03     -1.19526e+01      0.00000e+00      0.00000e+00
    6.40476e-01      1.68708e+03     -1.15600e+01      0.00000e+00      0.00000e+00
    6.42857e-01      1.69262e+03     -1.15447e+01      0.00000e+00      0.00000e+00
    6.45238e-01      1.70873e+03     -1.12139e+01      0.00000e+00      0.00000e+00
    6.47619e-01      1.70434e+03     -1.13768e+01      3.83821e+00      2.87854e+00
    6.50000e-01      1.72098e+03     -1.14436e+01      7.60273e+00      6.09538e+00
    6.52381e-01      1.71664e+03     -1.18318e+01      6.84521e+00      5.54393e+00
    6.54762e-01      1.72754e+03     -1.18532e+01      2.18384e+00      3.05954e+00
    6.57143e-01      1.73867e+03     -1.19624e+01      1.49567e-01      0.00000e+00
    6.59524e-01      1.73474e+03     -1.18622e+01      0.00000e+00      0.00000e+00
    6.61905e-01      1.75266e+03     -1.14991e+01      0.00000e+00      0.00000e+00
    6.64286e-01      1.74759e+03     -1.15694e+01      1.91953e+00                *
    6.66667e-01      1.73184e+03     -1.16140e+01      1.48785e+00                *
