/ 2-D RADIALLY AVERAGED POWER SPECTRUM
/
/ Average Spectrum Density  Ln(E) =   1.82249e+01
/
/   CYC/K_unit       Norm_Contr_Samp  Ln_P             3_DEPTH          5_DEPTH
/ -------------------------------------------------------------------------------
/
    0.00000e+00      1.00000e+00      1.02141e+01      7.24290e+00                *
    2.38095e-03      6.34315e+00      9.99735e+00      2.52652e+01                *
    4.76190e-03      1.24546e+01      8.70219e+00      4.58646e+01      3.64772e+01
    7.14286e-03      1.90596e+01      7.25281e+00      3.83017e+01      3.72034e+01
    9.52381e-03      2.44101e+01      6.41022e+00      2.74438e+01      3.23799e+01
    1.19048e-02      3.25840e+01      5.61058e+00      3.13942e+01      2.75493e+01
    1.42857e-02      3.69993e+01      4.53159e+00      2.38098e+01      1.93732e+01
    1.66667e-02      4.39585e+01      4.18580e+00      2.91550e+00      1.23126e+01
    1.90476e-02      5.05589e+01      4.35713e+00      1.02124e+01      9.59469e+00
    2.14286e-02      5.59206e+01      3.57469e+00      1.56561e+01      1.03638e+01
    2.38095e-02      6.41033e+01      3.42027e+00      5.22270e+00      9.25229e+00
    2.61905e-02      6.77438e+01      3.26217e+00      6.87803e+00      7.29700e+00
    2.85714e-02      7.58087e+01      3.00869e+00      9.79028e+00      1.16097e+01
    3.09524e-02      8.23335e+01      2.67632e+00      1.81607e+01      1.46683e+01
    3.33333e-02      8.71092e+01      1.92196e+00      1.60539e+01      1.31216e+01
    3.57143e-02      9.53559e+01      1.71565e+00      5.15028e+00      1.12494e+01
    3.80952e-02      9.86037e+01      1.61376e+00      1.25439e+01      1.07958e+01
    4.04762e-02      1.08592e+02      9.65028e-01      1.46932e+01      1.07945e+01
    4.28571e-02      1.12719e+02      7.34524e-01      5.14646e+00      8.51075e+00
    4.52381e-02      1.18910e+02      6.57065e-01      5.69256e+00      6.28509e+00
    4.76190e-02      1.26340e+02      3.93882e-01      8.01624e+00      7.26222e+00
    5.00000e-02      1.30684e+02      1.77374e-01      8.07787e+00      8.42477e+00
    5.23810e-02      1.40039e+02     -8.94966e-02      9.18019e+00      7.91579e+00
    5.47619e-02      1.43261e+02     -3.71968e-01      6.48932e+00      7.03517e+00
    5.71429e-02      1.50605e+02     -4.77817e-01      5.43599e+00      6.00678e+00
    5.95238e-02      1.57852e+02     -6.97256e-01      6.09503e+00      5.88098e+00
    6.19048e-02      1.62830e+02     -8.42542e-01      6.11191e+00      6.58751e+00
    6.42857e-02      1.70911e+02     -1.06299e+00      7.55558e+00      6.50421e+00
    6.66667e-02      1.74013e+02     -1.29467e+00      5.84515e+00      6.32560e+00
    6.90476e-02      1.83041e+02     -1.41276e+00      5.57606e+00      6.75437e+00
    7.14286e-02      1.88930e+02     -1.62834e+00      8.84191e+00      7.03904e+00
    7.38095e-02      1.94133e+02     -1.94186e+00      6.69915e+00      6.46963e+00
    7.61905e-02      2.02008e+02     -2.02921e+00      3.86781e+00      4.76653e+00
    7.85714e-02      2.05359e+02     -2.17331e+00      3.73263e+00      2.77092e+00
    8.09524e-02      2.15885e+02     -2.25257e+00      7.12330e-01      2.40330e+00
    8.33333e-02      2.19201e+02     -2.21594e+00      2.76495e+00      3.60939e+00
    8.57143e-02      2.25716e+02     -2.41803e+00      7.35088e+00      5.33758e+00
    8.80952e-02      2.32784e+02     -2.65581e+00      5.89690e+00      5.42469e+00
    9.04762e-02      2.37884e+02     -2.77090e+00      3.02628e+00      3.71482e+00
    9.28571e-02      2.47047e+02     -2.83691e+00      2.22128e+00      2.47347e+00
    9.52381e-02      2.49610e+02     -2.90382e+00      2.17284e+00      1.58221e+00
    9.76190e-02      2.58260e+02     -2.96693e+00      3.52501e-01      1.79873e+00
    1.00000e-01      2.63524e+02     -2.92491e+00      2.87086e+00      2.51885e+00
    1.02381e-01      2.70344e+02     -3.13872e+00      4.33318e+00      2.68883e+00
    1.04762e-01      2.77648e+02     -3.18421e+00      8.62458e-01      2.69020e+00
    1.07143e-01      2.80528e+02     -3.19033e+00      2.87496e+00      2.88825e+00
    1.09524e-01      2.90488e+02     -3.35625e+00      4.92734e+00      4.17938e+00
    1.11905e-01      2.95011e+02     -3.48518e+00      4.73583e+00      4.57875e+00
    1.14286e-01      3.01684e+02     -3.63964e+00      4.07308e+00      3.70413e+00
    1.16667e-01      3.07806e+02     -3.72891e+00      2.30349e+00      3.22881e+00
    1.19048e-01      3.12576e+02     -3.77748e+00      3.30986e+00      3.34059e+00
    1.21429e-01      3.23493e+02     -3.92698e+00      4.40843e+00      3.76751e+00
    1.23810e-01      3.24914e+02     -4.04128e+00      3.58423e+00      4.34064e+00
    1.26190e-01      3.34039e+02     -4.14146e+00      5.02928e+00      4.86963e+00
    1.28571e-01      3.37902e+02     -4.34223e+00      5.99539e+00      4.91602e+00
    1.30952e-01      3.45370e+02     -4.50022e+00      3.72338e+00      3.51451e+00
    1.33333e-01      3.54090e+02     -4.56504e+00      8.24773e-01      1.40154e+00
    1.35714e-01      3.55618e+02     -4.54957e+00      0.00000e+00      7.19790e-01
    1.38095e-01      3.66537e+02     -4.54448e+00      1.67814e+00      1.81952e+00
    1.40476e-01      3.69108e+02     -4.64999e+00      4.12397e+00      2.59393e+00
    1.42857e-01      3.77602e+02     -4.79126e+00      1.97968e+00      2.14482e+00
    1.45238e-01      3.84373e+02     -4.76846e+00      3.30813e-01      2.02640e+00
    1.47619e-01      3.86706e+02     -4.81105e+00      3.76870e+00      3.39157e+00
    1.50000e-01      3.98621e+02     -4.99397e+00      6.07521e+00      4.81551e+00
    1.52381e-01      4.00612e+02     -5.17459e+00      4.60261e+00      3.34328e+00
    1.54762e-01      4.09779e+02     -5.26939e+00      0.00000e+00      1.82991e+00
    1.57143e-01      4.14297e+02     -5.13582e+00      1.53512e+00      1.97655e+00
    1.59524e-01      4.17979e+02     -5.36126e+00      5.04253e+00      2.25302e+00
    1.61905e-01      4.31900e+02     -5.43756e+00      1.81408e-01      3.10750e+00
    1.64286e-01      4.30482e+02     -5.37211e+00      4.09856e+00      3.34635e+00
    1.66667e-01      4.41763e+02     -5.68282e+00      5.75908e+00      3.78278e+00
    1.69048e-01      4.44570e+02     -5.71673e+00      1.49068e+00      3.07965e+00
    1.71429e-01      4.51706e+02     -5.77202e+00      1.98917e+00      2.19626e+00
    1.73810e-01      4.61693e+02     -5.83577e+00      3.10892e+00      4.33715e+00
    1.76190e-01      4.61645e+02     -5.95806e+00      7.91335e+00      6.25907e+00
    1.78571e-01      4.73686e+02     -6.30930e+00      7.75496e+00      5.47681e+00
    1.80952e-01      4.76434e+02     -6.42211e+00      7.62138e-01      3.80780e+00
    1.83333e-01      4.83984e+02     -6.35490e+00      2.90632e+00      2.57712e+00
    1.85714e-01      4.91448e+02     -6.59603e+00      4.06291e+00      3.50455e+00
    1.88095e-01      4.92752e+02     -6.59803e+00      3.54443e+00      4.08718e+00
    1.90476e-01      5.05263e+02     -6.80813e+00      4.65419e+00      3.55635e+00
    1.92857e-01      5.08314e+02     -6.87653e+00      2.47044e+00      3.88818e+00
    1.95238e-01      5.16324e+02     -6.95596e+00      4.53991e+00      2.84539e+00
    1.97619e-01      5.21371e+02     -7.14820e+00      1.52583e+00      1.00992e+00
    2.00000e-01      5.25039e+02     -7.04726e+00      0.00000e+00      0.00000e+00
    2.02381e-01      5.37508e+02     -6.96653e+00      0.00000e+00      0.00000e+00
    2.04762e-01      5.38044e+02     -7.01383e+00      8.33690e-01      1.38487e-01
    2.07143e-01      5.48671e+02     -7.01642e+00      1.40500e-01      2.06356e+00
    2.09524e-01      5.50942e+02     -7.02224e+00      5.21650e+00      3.06450e+00
    2.11905e-01      5.59882e+02     -7.32857e+00      3.83650e+00      3.63650e+00
    2.14286e-01      5.66953e+02     -7.25181e+00      1.85649e+00      2.36312e+00
    2.16667e-01      5.69163e+02     -7.43966e+00      1.39636e+00      1.45364e+00
    2.19048e-01      5.79845e+02     -7.33537e+00      1.10806e+00      0.00000e+00
    2.21429e-01      5.82993e+02     -7.50597e+00      0.00000e+00      0.00000e+00
    2.23810e-01      5.92656e+02     -7.15073e+00      0.00000e+00      8.25584e-01
    2.26190e-01      5.96495e+02     -7.46616e+00      6.22758e+00      2.41024e+00
    2.28571e-01      6.00659e+02     -7.52339e+00      1.66845e+00      2.82105e+00
    2.30952e-01      6.11747e+02     -7.56600e+00      5.67105e-01      0.00000e+00
    2.33333e-01      6.13863e+02     -7.55732e+00      0.00000e+00      0.00000e+00
    2.35714e-01      6.25192e+02     -7.37006e+00      0.00000e+00      0.00000e+00
    2.38095e-01      6.26501e+02     -7.39587e+00      1.66112e+00      2.55089e+00
    2.40476e-01      6.33415e+02     -7.46946e+00      8.68961e+00      6.57563e+00
    2.42857e-01      6.44018e+02     -7.91586e+00      9.37614e+00      5.20997e+00
    2.45238e-01      6.43458e+02     -8.03052e+00      0.00000e+00      2.90928e+00
    2.47619e-01      6.56561e+02     -7.77010e+00      1.78754e+00      2.29525e+00
    2.50000e-01      6.56780e+02     -8.13749e+00      7.53405e+00      3.16765e+00
    2.52381e-01      6.68200e+02     -8.22093e+00      1.81358e-01      9.58379e-01
    2.54762e-01      6.73638e+02     -8.14834e+00      0.00000e+00      0.00000e+00
    2.57143e-01      6.74904e+02     -7.93129e+00      0.00000e+00      0.00000e+00
    2.59524e-01      6.87606e+02     -7.97153e+00      2.10124e+00      0.00000e+00
    2.61905e-01      6.88104e+02     -8.05703e+00      0.00000e+00      2.07754e+00
    2.64286e-01      7.00958e+02     -7.92266e+00      4.94809e+00      4.27881e+00
    2.66667e-01      7.03368e+02     -8.35312e+00      8.70505e+00      4.61124e+00
    2.69048e-01      7.06965e+02     -8.44357e+00      1.80577e-01      1.86978e+00
    2.71429e-01      7.19597e+02     -8.36393e+00      0.00000e+00      0.00000e+00
    2.73810e-01      7.19946e+02     -8.24752e+00      0.00000e+00      4.25119e-01
    2.76190e-01      7.31773e+02     -8.29924e+00      5.63264e+00      5.18098e+00
    2.78571e-01      7.32952e+02     -8.58457e+00      1.09913e+01      5.92362e+00
    2.80952e-01      7.40571e+02     -8.95696e+00      1.14693e+00      2.03098e+00
    2.83333e-01      7.51268e+02     -8.65321e+00      0.00000e+00      0.00000e+00
    2.85714e-01      7.50430e+02     -8.59521e+00      4.22208e+00      8.43561e-01
    2.88095e-01      7.62692e+02     -8.90586e+00      4.35390e+00      2.84491e+00
    2.90476e-01      7.63288e+02     -8.85575e+00      0.00000e+00      1.97514e+00
    2.92857e-01      7.75654e+02     -8.90339e+00      1.61277e+00      7.17485e-01
    2.95238e-01      7.80085e+02     -8.95226e+00      5.80946e-01      1.90532e+00
    2.97619e-01      7.82920e+02     -8.93815e+00      3.52226e+00      3.39354e+00
    3.00000e-01      7.93237e+02     -9.16303e+00      6.07741e+00      3.88645e+00
    3.02381e-01      7.95557e+02     -9.30182e+00      2.05967e+00      8.29402e-01
    3.04762e-01      8.07295e+02     -9.28628e+00      0.00000e+00      0.00000e+00
    3.07143e-01      8.09281e+02     -8.96379e+00      0.00000e+00      0.00000e+00
    3.09524e-01      8.15563e+02     -9.06530e+00      0.00000e+00      0.00000e+00
    3.11905e-01      8.24987e+02     -8.94870e+00      0.00000e+00      0.00000e+00
    3.14286e-01      8.27956e+02     -8.47641e+00      1.10690e+00      1.22202e+00
    3.16667e-01      8.38529e+02     -9.01494e+00      1.24004e+01      5.94222e+00
    3.19048e-01      8.38600e+02     -9.21844e+00      4.31937e+00      3.18322e+00
    3.21429e-01      8.48206e+02     -9.27341e+00      0.00000e+00      0.00000e+00
    3.23810e-01      8.57386e+02     -8.78939e+00      0.00000e+00      0.00000e+00
    3.26190e-01      8.58276e+02     -8.88414e+00      2.13254e+00      2.52708e-01
    3.28571e-01      8.69568e+02     -8.91700e+00      5.13070e+00      2.58748e+00
    3.30952e-01      8.69092e+02     -9.19116e+00      4.99196e-01      6.34097e-01
    3.33333e-01      8.83637e+02     -8.94687e+00      0.00000e+00      0.00000e+00
    3.35714e-01      8.84980e+02     -8.96810e+00      0.00000e+00      0.00000e+00
    3.38095e-01      8.91031e+02     -8.93850e+00      5.03087e-01      0.00000e+00
    3.40476e-01      8.99995e+02     -8.99821e+00      0.00000e+00      0.00000e+00
    3.42857e-01      9.02225e+02     -8.62589e+00      7.34310e-02      2.22812e+00
    3.45238e-01      9.15206e+02     -9.00260e+00      1.18351e+01      6.80716e+00
    3.47619e-01      9.14493e+02     -9.33409e+00      8.51301e+00      8.64569e+00
    3.50000e-01      9.23047e+02     -9.51202e+00      5.58901e+00      3.39751e+00
    3.52381e-01      9.31922e+02     -9.66854e+00      0.00000e+00      5.92355e-01
    3.54762e-01      9.34595e+02     -9.27808e+00      9.75351e-02      2.11162e+00
    3.57143e-01      9.45547e+02     -9.67438e+00      1.01468e+01      3.67373e+00
    3.59524e-01      9.44489e+02     -9.88526e+00      7.76849e-01      4.53909e+00
    3.61905e-01      9.56892e+02     -9.72086e+00      2.69361e+00      5.10334e+00
    3.64286e-01      9.62064e+02     -1.00464e+01      1.18396e+01      6.44679e+00
    3.66667e-01      9.66087e+02     -1.04293e+01      4.80718e+00      4.20983e+00
    3.69048e-01      9.76491e+02     -1.03341e+01      0.00000e+00      0.00000e+00
    3.71429e-01      9.75085e+02     -1.01889e+01      0.00000e+00      0.00000e+00
    3.73810e-01      9.92742e+02     -1.01441e+01      4.66265e+00      2.46186e+00
    3.76190e-01      9.89912e+02     -1.04680e+01      5.89777e+00      2.45058e+00
    3.78571e-01      9.98133e+02     -1.04970e+01      0.00000e+00      0.00000e+00
    3.80952e-01      1.00607e+03     -1.02760e+01      0.00000e+00      0.00000e+00
    3.83333e-01      1.00945e+03     -1.02344e+01      0.00000e+00      0.00000e+00
    3.85714e-01      1.02351e+03     -1.02323e+01      4.06854e+00      8.73407e-01
    3.88095e-01      1.01948e+03     -1.04779e+01      0.00000e+00      1.22910e+00
    3.90476e-01      1.03139e+03     -1.01893e+01      3.37142e-01      1.40757e-01
    3.92857e-01      1.03753e+03     -1.04981e+01      8.03505e-01      1.95699e+00
    3.95238e-01      1.04118e+03     -1.02374e+01      4.73031e+00      7.18541e+00
    3.97619e-01      1.05346e+03     -1.07811e+01      1.60224e+01      6.83156e+00
    4.00000e-01      1.04978e+03     -1.11961e+01      0.00000e+00      4.09316e+00
    4.02381e-01      1.06545e+03     -1.07657e+01      0.00000e+00      1.01409e-01
    4.04762e-01      1.06855e+03     -1.09876e+01      4.04713e+00      0.00000e+00
    4.07143e-01      1.07206e+03     -1.10079e+01      0.00000e+00      8.88250e-01
    4.09524e-01      1.08358e+03     -1.08985e+01      1.06667e-01      0.00000e+00
    4.11905e-01      1.08202e+03     -1.10142e+01      0.00000e+00      0.00000e+00
    4.14286e-01      1.09966e+03     -1.07026e+01      0.00000e+00      2.14015e-01
    4.16667e-01      1.09721e+03     -1.07980e+01      7.52933e+00      5.70469e+00
    4.19048e-01      1.10429e+03     -1.11532e+01      1.31986e+01      6.02982e+00
    4.21429e-01      1.11311e+03     -1.15878e+01      0.00000e+00      1.90776e+00
    4.23810e-01      1.11573e+03     -1.09953e+01      0.00000e+00      0.00000e+00
    4.26190e-01      1.13027e+03     -1.12984e+01      2.25304e+00      0.00000e+00
    4.28571e-01      1.12730e+03     -1.11301e+01      0.00000e+00      0.00000e+00
    4.30952e-01      1.13715e+03     -1.12877e+01      0.00000e+00      0.00000e+00
    4.33333e-01      1.14525e+03     -1.07182e+01      0.00000e+00      4.25604e-01
    4.35714e-01      1.14820e+03     -1.09849e+01      1.32207e+01      6.51367e+00
    4.38095e-01      1.15846e+03     -1.15093e+01      1.13802e+01      5.12031e+00
    4.40476e-01      1.15828e+03     -1.16659e+01      0.00000e+00      0.00000e+00
    4.42857e-01      1.17192e+03     -1.09564e+01      0.00000e+00      0.00000e+00
    4.45238e-01      1.17547e+03     -1.09598e+01      4.04432e+00      0.00000e+00
    4.47619e-01      1.17982e+03     -1.11984e+01      1.37594e+00      2.43823e+00
    4.50000e-01      1.18828e+03     -1.10422e+01      1.89443e+00      2.53942e+00
    4.52381e-01      1.19000e+03     -1.13118e+01      4.34789e+00      4.61425e+00
    4.54762e-01      1.20558e+03     -1.13023e+01      7.60042e+00      3.13642e+00
    4.57143e-01      1.20374e+03     -1.17666e+01      0.00000e+00      2.44535e-02
    4.59524e-01      1.21351e+03     -1.11504e+01      0.00000e+00      0.00000e+00
    4.61905e-01      1.21734e+03     -1.14681e+01      7.07092e+00      2.66413e+00
    4.64286e-01      1.22556e+03     -1.15735e+01      5.90950e+00      6.83269e+00
    4.66667e-01      1.23457e+03     -1.18217e+01      7.51765e+00      4.13885e+00
    4.69048e-01      1.23342e+03     -1.20234e+01      0.00000e+00      3.17830e+00
    4.71429e-01      1.24718e+03     -1.17612e+01      3.02783e+00      1.75064e+00
    4.73810e-01      1.24882e+03     -1.22046e+01      3.23469e+00      1.48751e+00
    4.76190e-01      1.25759e+03     -1.19548e+01      0.00000e+00      1.83874e+00
    4.78571e-01      1.26432e+03     -1.20969e+01      4.08149e+00      1.97687e+00
    4.80952e-01      1.26329e+03     -1.21990e+01      3.64909e+00      1.07420e+00
    4.83333e-01      1.28111e+03     -1.23152e+01      0.00000e+00      0.00000e+00
    4.85714e-01      1.27979e+03     -1.19293e+01      0.00000e+00      0.00000e+00
    4.88095e-01      1.28983e+03     -1.17698e+01      5.26666e+00      2.23755e+00
    4.90476e-01      1.29392e+03     -1.22444e+01      1.05612e+01      6.65024e+00
    4.92857e-01      1.29607e+03     -1.24018e+01      4.12291e+00      3.45202e+00
    4.95238e-01      1.31387e+03     -1.24911e+01      0.00000e+00      0.00000e+00
    4.97619e-01      1.30739e+03     -1.21428e+01      0.00000e+00      0.00000e+00
    5.00000e-01      1.32310e+03     -1.21820e+01      1.37042e+00      0.00000e+00
    5.02381e-01      1.32380e+03     -1.22248e+01      0.00000e+00      0.00000e+00
    5.04762e-01      1.33178e+03     -1.18191e+01      3.21152e+00      2.71593e+00
    5.07143e-01      1.34276e+03     -1.24169e+01      1.09996e+01      3.42308e+00
    5.09524e-01      1.33825e+03     -1.24773e+01      0.00000e+00      0.00000e+00
    5.11905e-01      1.35429e+03     -1.21811e+01      0.00000e+00      0.00000e+00
    5.14286e-01      1.35663e+03     -1.19635e+01      4.79257e+00      4.09732e+00
    5.16667e-01      1.36350e+03     -1.24679e+01      1.60859e+01      5.72178e+00
    5.19048e-01      1.37208e+03     -1.29261e+01      0.00000e+00      2.98404e+00
    5.21429e-01      1.37018e+03     -1.22457e+01      0.00000e+00      1.69515e+00
    5.23810e-01      1.38717e+03     -1.27214e+01      1.22192e+01      3.28374e+00
    5.26190e-01      1.38660e+03     -1.29769e+01      1.05266e+00      3.87868e+00
    5.28571e-01      1.39617e+03     -1.27844e+01      0.00000e+00      0.00000e+00
    5.30952e-01      1.40142e+03     -1.28790e+01      0.00000e+00      0.00000e+00
    5.33333e-01      1.40372e+03     -1.26475e+01      0.00000e+00      0.00000e+00
    5.35714e-01      1.41946e+03     -1.24896e+01      0.00000e+00      0.00000e+00
    5.38095e-01      1.41532e+03     -1.23911e+01      3.26745e+00      1.51585e+00
    5.40476e-01      1.42851e+03     -1.26851e+01      5.56549e+00      4.58685e+00
    5.42857e-01      1.43086e+03     -1.27241e+01      4.92762e+00      4.68080e+00
    5.45238e-01      1.43990e+03     -1.29800e+01      3.54930e+00      2.53618e+00
    5.47619e-01      1.44818e+03     -1.29365e+01      0.00000e+00      0.00000e+00
    5.50000e-01      1.44623e+03     -1.29280e+01      0.00000e+00      0.00000e+00
    5.52381e-01      1.46038e+03     -1.26785e+01      0.00000e+00      0.00000e+00
    5.54762e-01      1.46270e+03     -1.26449e+01      9.61287e-01      0.00000e+00
    5.57143e-01      1.47202e+03     -1.27361e+01      0.00000e+00      0.00000e+00
    5.59524e-01      1.47689e+03     -1.26022e+01      0.00000e+00      0.00000e+00
    5.61905e-01      1.47879e+03     -1.26192e+01      6.03027e-01      1.79212e+00
    5.64286e-01      1.49393e+03     -1.26383e+01      6.72688e+00      3.97532e+00
    5.66667e-01      1.49235e+03     -1.30217e+01      4.59605e+00      3.96778e+00
    5.69048e-01      1.50434e+03     -1.29133e+01      5.80406e-01      3.42049e+00
    5.71429e-01      1.50529e+03     -1.30564e+01      5.08501e+00      1.99676e+00
    5.73810e-01      1.51305e+03     -1.32176e+01      3.24848e-01      1.80073e+00
    5.76190e-01      1.52555e+03     -1.30759e+01      0.00000e+00      1.75044e+00
    5.78571e-01      1.52255e+03     -1.32171e+01      4.93412e+00      1.36027e+00
    5.80952e-01      1.53672e+03     -1.33711e+01      0.00000e+00      1.41550e+00
    5.83333e-01      1.53471e+03     -1.31665e+01      1.58051e-01      1.23402e+00
    5.85714e-01      1.54862e+03     -1.33806e+01      4.38968e+00      1.19928e+00
    5.88095e-01      1.55408e+03     -1.34292e+01      0.00000e+00      8.99322e-01
    5.90476e-01      1.55389e+03     -1.33237e+01      0.00000e+00      0.00000e+00
    5.92857e-01      1.56715e+03     -1.33848e+01      0.00000e+00      0.00000e+00
    5.95238e-01      1.56819e+03     -1.32143e+01      0.00000e+00      2.64728e-01
    5.97619e-01      1.58041e+03     -1.33683e+01      2.90016e+00      0.00000e+00
    6.00000e-01      1.58196e+03     -1.33878e+01      0.00000e+00      0.00000e+00
    6.02381e-01      1.58682e+03     -1.29746e+01      0.00000e+00      0.00000e+00
    6.04762e-01      1.60086e+03     -1.32249e+01      8.92379e+00      3.31750e+00
    6.07143e-01      1.59852e+03     -1.35086e+01      3.75120e+00      3.17950e+00
    6.09524e-01      1.61298e+03     -1.34494e+01      0.00000e+00      0.00000e+00
    6.11905e-01      1.61011e+03     -1.33209e+01      0.00000e+00      0.00000e+00
    6.14286e-01      1.62073e+03     -1.30599e+01      1.39966e+00      0.00000e+00
    6.16667e-01      1.63175e+03     -1.34047e+01      4.97512e+00      1.13732e+00
    6.19048e-01      1.62906e+03     -1.33576e+01      0.00000e+00      6.97583e-01
    6.21429e-01      1.64513e+03     -1.32274e+01      8.04449e-02      3.94547e-01
    6.23810e-01      1.63988e+03     -1.33625e+01      4.06601e+00      2.95320e+00
    6.26190e-01      1.65713e+03     -1.34707e+01      4.71314e+00      3.40016e+00
    6.28571e-01      1.65841e+03     -1.36445e+01      1.42134e+00      1.25264e+00
    6.30952e-01      1.66149e+03     -1.35557e+01      0.00000e+00      0.00000e+00
    6.33333e-01      1.67554e+03     -1.35023e+01      0.00000e+00      0.00000e+00
    6.35714e-01      1.67317e+03     -1.34073e+01      0.00000e+00      0.00000e+00
    6.38095e-01      1.69001e+03     -1.33873e+01      2.42038e-01      0.00000e+00
    6.40476e-01      1.68708e+03     -1.34218e+01      3.54763e-01      6.55451e-01
    6.42857e-01      1.69262e+03     -1.34086e+01      1.36955e+00      0.00000e+00
    6.45238e-01      1.70873e+03     -1.35038e+01      0.00000e+00      0.00000e+00
    6.47619e-01      1.70434e+03     -1.32004e+01      4.94954e-01      0.00000e+00
    6.50000e-01      1.72098e+03     -1.35334e+01      2.36818e+00      0.00000e+00
    6.52381e-01      1.71664e+03     -1.33421e+01      0.00000e+00      0.00000e+00
    6.54762e-01      1.72754e+03     -1.33001e+01      7.18772e-01      0.00000e+00
    6.57143e-01      1.73867e+03     -1.33851e+01      0.00000e+00      1.64094e-01
    6.59524e-01      1.73474e+03     -1.32896e+01      0.00000e+00      0.00000e+00
    6.61905e-01      1.75266e+03     -1.33821e+01      0.00000e+00      0.00000e+00
    6.64286e-01      1.74759e+03     -1.30488e+01      0.00000e+00                *
    6.66667e-01      1.73184e+03     -1.31342e+01      2.85443e+00                *
